1 0.178166 0.257571 0.127435 0.411671
1 0.298295 0.258225 0.133929 0.431275
1 0.416802 0.258878 0.133929 0.427354
1 0.535714 0.259532 0.131494 0.420819
1 0.655032 0.262146 0.136364 0.412978
1 0.777597 0.261492 0.136364 0.411671
1 0.896510 0.262146 0.137175 0.405137
1 0.178571 0.697994 0.136364 0.409057
1 0.300325 0.697341 0.134740 0.412978
1 0.417614 0.697341 0.137175 0.410364
1 0.536526 0.696687 0.141234 0.403830
1 0.657468 0.699955 0.141234 0.410364
1 0.776380 0.698648 0.138799 0.402523
1 0.898945 0.695380 0.138799 0.390761