0 0.128860 0.191964 0.081168 0.133929
0 0.274140 0.189413 0.075287 0.136480
0 0.352956 0.193878 0.068229 0.137755
0 0.579404 0.192602 0.064699 0.140306
0 0.659396 0.197066 0.069405 0.139031
0 0.878786 0.188138 0.065876 0.139031
0 0.123567 0.833546 0.068229 0.141582
0 0.191795 0.840561 0.065876 0.142857
0 0.269435 0.839286 0.077639 0.142857
0 0.422361 0.827806 0.077639 0.153061
0 0.652338 0.829719 0.074110 0.144133
0 0.722919 0.832270 0.062347 0.146684
0 0.799970 0.830357 0.072934 0.140306
1 0.196501 0.183673 0.089403 0.176020
1 0.425890 0.182398 0.098814 0.176020
1 0.499412 0.184949 0.090579 0.181122
1 0.727036 0.183673 0.089403 0.173469
1 0.801147 0.183673 0.084697 0.173469
1 0.348250 0.834184 0.089403 0.173469
1 0.498235 0.832270 0.088227 0.164541
1 0.576463 0.830357 0.087050 0.163265
1 0.877021 0.835459 0.088227 0.153061