0 0.274252 0.112883 0.102124 0.179847
0 0.692826 0.121173 0.116905 0.160714
0 0.830559 0.334184 0.096749 0.163265
0 0.551062 0.334184 0.104811 0.153061
0 0.411313 0.328444 0.107499 0.149235
0 0.134504 0.653061 0.112874 0.170918
0 0.549718 0.655612 0.104811 0.163265
0 0.691482 0.654974 0.108843 0.159439
0 0.137192 0.876276 0.115561 0.158163
0 0.412657 0.875000 0.091374 0.155612
0 0.688123 0.879464 0.112874 0.161990
1 0.414673 0.117985 0.154530 0.187500
1 0.547031 0.117347 0.158561 0.193878
1 0.833918 0.130740 0.167967 0.177296
1 0.689467 0.325255 0.161248 0.178571
1 0.268206 0.327168 0.157217 0.177296
1 0.134504 0.323342 0.166623 0.182398
1 0.273581 0.663903 0.157217 0.187500
1 0.409298 0.660077 0.149155 0.192602
1 0.827871 0.665816 0.153186 0.176020
1 0.547703 0.869260 0.162592 0.179847
1 0.276940 0.869260 0.155873 0.182398
2 0.135176 0.127551 0.162592 0.176020
2 0.829887 0.869898 0.157217 0.170918