1 0.078861 0.142219 0.114252 0.192602
1 0.173186 0.139668 0.109824 0.187500
1 0.261310 0.139668 0.105395 0.192602
1 0.355635 0.139031 0.108052 0.193878
1 0.445974 0.142857 0.108052 0.198980
1 0.536313 0.141582 0.106281 0.196429
1 0.627095 0.139668 0.112481 0.190051
1 0.717876 0.143495 0.109824 0.195153
1 0.811315 0.143495 0.107167 0.192602
1 0.902540 0.143495 0.108938 0.192602
1 0.078418 0.330357 0.111595 0.196429
1 0.173628 0.328444 0.107167 0.190051
1 0.264410 0.329719 0.109824 0.192602
1 0.354749 0.327806 0.108052 0.196429
1 0.443317 0.327168 0.106281 0.192602
1 0.538084 0.326531 0.104510 0.196429
1 0.627095 0.330357 0.103624 0.201531
1 0.717433 0.330995 0.108938 0.197704
1 0.807772 0.330357 0.105395 0.198980
1 0.902540 0.330357 0.105395 0.198980
1 0.078861 0.671556 0.107167 0.190051
1 0.172300 0.672832 0.106281 0.192602
1 0.263525 0.672832 0.109824 0.192602
1 0.354306 0.670918 0.110709 0.198980
1 0.445531 0.674107 0.110709 0.192602
1 0.535427 0.672832 0.106281 0.192602
1 0.624437 0.672194 0.105395 0.191327
1 0.720533 0.672832 0.100967 0.197704
1 0.809987 0.672194 0.102738 0.204082
1 0.900768 0.670281 0.103624 0.200255
1 0.079747 0.859694 0.103624 0.191327
1 0.170529 0.856505 0.102738 0.190051
1 0.263525 0.859694 0.100967 0.186224
1 0.354749 0.860969 0.102738 0.191327
1 0.445088 0.861607 0.100967 0.190051
1 0.536313 0.858418 0.100967 0.186224
1 0.626652 0.857781 0.102738 0.187500
1 0.716991 0.858418 0.099196 0.186224
1 0.809101 0.857781 0.099196 0.192602
1 0.900326 0.858418 0.099196 0.188776