0 0.442390 0.123829 0.102418 0.139938
0 0.608108 0.125215 0.066856 0.167649
0 0.704125 0.133528 0.093883 0.184275
0 0.876956 0.339972 0.100996 0.184275
0 0.526316 0.332351 0.110953 0.177348
0 0.270270 0.325424 0.096728 0.188432
0 0.175676 0.844996 0.092461 0.177348
0 0.348506 0.841533 0.102418 0.164878
0 0.694879 0.842918 0.095306 0.167649
1 0.169986 0.125908 0.123755 0.166263
1 0.265292 0.128679 0.118065 0.171805
1 0.347795 0.124522 0.120910 0.185661
1 0.520626 0.122444 0.105263 0.192588
1 0.780939 0.136299 0.102418 0.203673
1 0.887624 0.137685 0.142248 0.209215
1 0.168563 0.332351 0.118065 0.180119
1 0.352774 0.332351 0.110953 0.202287
1 0.433144 0.333044 0.109531 0.203673
1 0.602418 0.341357 0.103841 0.195359
1 0.697724 0.346899 0.118065 0.184275
1 0.784495 0.342050 0.118065 0.202287
1 0.173542 0.628161 0.113798 0.173191
1 0.263869 0.622619 0.089616 0.184275
1 0.344950 0.625390 0.100996 0.187046
1 0.436700 0.627469 0.105263 0.180119
1 0.522048 0.630240 0.099573 0.182890
1 0.607397 0.630932 0.108108 0.187046
1 0.697724 0.630932 0.100996 0.181504
1 0.782361 0.633703 0.105263 0.175962
1 0.869844 0.633011 0.109531 0.182890
1 0.263869 0.849153 0.103841 0.191203
1 0.438122 0.840147 0.113798 0.178733
1 0.519203 0.835990 0.099573 0.181504
1 0.608108 0.839454 0.106686 0.207829
1 0.782361 0.830448 0.108108 0.187046
1 0.869844 0.831834 0.112376 0.187046