2 0.089654 0.179847 0.155085 0.346939
2 0.223362 0.175383 0.149217 0.345663
2 0.353717 0.175383 0.146702 0.345663
2 0.480300 0.174745 0.145025 0.344388
1 0.608140 0.174107 0.142510 0.340561
1 0.734723 0.175383 0.144187 0.343112
1 0.864239 0.171556 0.148378 0.343112
1 0.095103 0.806122 0.144187 0.349490
1 0.222943 0.809949 0.143349 0.339286
1 0.352460 0.813776 0.145863 0.344388
1 0.479043 0.811862 0.147540 0.348214
1 0.608978 0.813138 0.145863 0.345663
1 0.734304 0.813776 0.146702 0.344388
1 0.863820 0.812500 0.147540 0.346939